20
655
))))))))))))))))))()))))))))))))))))))))))))))))))))))))))))))))))))()())))())))))()))))))()))))()))))))))())))())()))))))))))))))()))))))))))))))))))))))))))))))))())(()))))())))())())))))))()))())))))))))))))))))))))))))))))))))))))))))))))))))))))))))())))())))))))))()))))))))))))))))))))))))))()))))(()))()))()))))))))()))))()))))))))))()))()))))))()))())()())))))))))))))))))))))())))()))))))()))))))))))))))))))))))))))())))))))))()))))))))))))))))())()))))))()))))))))))))))))))))))())())()())))))))))))))))))()))))))()))))))))()))()()))))()))))))))))))(())))()())))))))))))))))))))))))))())))()())))))))))))))))))))))))))))))))))))))())))))())())
199
()(((()()(()))()()()())((())(()(())(((()())((())()())(()())()(((((()()()(()))(((()())()))((((()()(())()))))))((()(())(()((())())(()((((((((()(((()()(((((((((())()))))()((((()((()(((((()(()(())())((((
378
())))))))))))))))())))()())))))()))()))))))())()))(())()())))))))))))())))())))())())))()))()))))))))()())))))))()(())())))))))))))))())(()()))))())())())())))))())))()))())))()))))))))())()))(()))(()())))()(()))))))))(())))))())()))(()))()))))))(()))))))()()()())))())))))))))())))))()())))(()())))((()()))))()))(())())))))))))))))))))(()()(()))()()((()((())))()))))())))()))))
345
))())()()))))())()()))))))))()))))))))()))))(((())()((()())))))(()())(()))))(())))()())))()(()))(()()())())())))))))))((())())(()))(())(()))))())()))))))))))()())())))())))(())(()())()))))))())((())()()()))))))(()(())))))())())()(()(())()())())))))((((()()))())))()(())(()))()))())((()))(())))))(())())()(()))()())))))))()))))()))))()))())()))()
522
(()((((()((((((()(()(((((((((((((()((((()((()(((()((((((((((()((()()(((()()((((((()(((()((((())((()(())((())(())))((((((()(()(()())()((())())(((()))((()((((((()((()(((()))(((((((((((((((((()((((((((()()(()((()(((((((()((((()()()(()))((()((((((((()()((((()(((((())(()()())(((((((()(((((((((((((((((((((())(((((((((((()()(((())((()()((()((((((()(((((((((((((((()()(((()(((((((((((((((((()(((()((()(((())(((((()(((((((((((((((()((((()((()((((((())((((()(((((((((()(()()((((()(()(((()()(((((((())(()(((((()))((((((((()(()()(((
459
()())))))())))))(())()()))))))(((())()))()(()))(()(()(())))((((()()))()))))))))()()))(())))()())))))()((()))))))((()()(()((())))(())()))(((()(())(()(((())))))((((()())(())())))())()((())))))))))))())))(())()())()()))())))(()()())()))((())(()()())()()))))()))))())(()))))((()()())(()()(()(())()()(()())()()))))))))))()))))())(())()(((()(())()()()))))))(()())(((()()(((()())(())()))())))())()())))(()(())))())()))))()(())(((()(()))(((())())))))))())())))())))))
615
(()(((((()((((((((()(((((((((((((((()()(((((()((((()(((()(()()(((()()(((((()((()(((((()((((((((((((((((((((((()((((()()((((((((()(())(((((((()(((((((()(((((((((((((((((((((((((((()((()(((()))()(()(()()(()(()())(((((((((((()(()()(((()((((((()(((())((()(()((((((()()((((((((())((()(((()(()(()((((((((((()((((()(((((((((())((()((((((((((((((((((()(((((())((((()(((())((((()(((())((()((((()(((((()((((((((()(((()((((((((((()((((((((((((()((((()(()(()((((((((((((((((((((((()((()(((((()((()(((((())(((()((()((((()(((((((((((((((((((()(((((((()(((()((((((((((((((((((((()((()(((((((((((((())(((((((()())((((((((((()()((((
992
))()())()()(())))))))))))))))()())))))())())))))))))()))()())))))))))))))()))))())))()))))))()())))))))))))))))))(())))))())())))())))))))(())))()))))))))))))()))))))))))))))))())))))))()(()))))())()))))))))(()))))())(()))))))))()))()()))))())))))))))))))))()))))(()))))))))))))))))(()()())(()))))()))))))))(()))))()()))())()())))))))))))()()))()()))))))))))())))))))))))(())(((()))))))()))()))))()()))()(())()))))))()))(())))())))()())))((()))()((()()())))))))))()))))())))()))())))))())()))(()))()))))))()()))()))()))())))))))))))))))()()))())))))))()))))))))))))())))))()))())))))()))))))))()((())()))))()))))))()())))())))()))))))))()))))))))))()()())())()))))))())))))))()))))))))))))))))))))))))))))))()))())))))()))))))))))))))())))((()))))))))))))())()))))))())()())))))))))))()))))))))))))()))())))())))))))))(())))((())()))))))))))))))))))))))))))))))))))))())))()))))())()))))))(()))))()())())))))()))()()))))))()))))))))))))())))))))))))))))))))())))))))))))))))))()))))))))))))))
195
())(((()(((((((((()(()(((((()(((((((()(((((((((((((((((((((((()()(((())((((()(()((((())(()(()(((((((((((((((((((((((((((()(((())(((()(()(((((()((((((((((((((((()(((())(()(()((((((()())((((()(((()
528
)(())(((())())))()((())()(()())))((()()(()))()((())())()(()())((())((()())))((((()()))()))(()())))))((())(()()((()))(()()))(()()()(()())((()))()((()))()((()(()(((((((((()(())(()())))()()((((()))())()))))(())))()())))())(()))()(()))(()()()(())((()))()(())())))()()))))((()()))))()())((())))(())()(()()(())()))((())))())(()((((())))())(()))())))((()())))(())))(()())))))())((())))()))())()()))())()))()())(((((()())((()()())))()((())(((())))((()((((((()())())))(())))))))(())(()(())()))(()(((())()))()))((()()(())(((((((())))))))(
233
(())()()()((((()())())(()((((()(((()()(()(()())()((()))())((((((((()((()))((())())((())(((((((((()(())(()((())())((()(((((()())((((()(((((())((()))())))))())()))(((((()))(()()((((()(())(((((())(((((()(((())))(()())(())(()(((()(()))((
154
(()())))))(()(((()())(()((()))((((((((())(()(())()()(((((((((())((())(())()((()(())(())((((())(()))()())((((()(((()((()()((()()()(())(()(())()())()((()()(
919
)()))())(()(()(())))))(())))))()))((())()(())())()))))()))()())))()(())))()()))()())()()())(()))))(()()))))))))())(()(())(()()())(())))))()))()(()))())(()))())()))())())()))))(()))))))())()()))((()()(())))((())())())())((()()()))((()))))))()())()()(())(()(((())))))(()()))))()))((())()(())())())))((()())()(()())()))())))))()())))))))))(((()))))))))))()))())))()())(())()))()))())))())(())))))())()()))))))()())))()))(()()()()((())))))())))())(()()()))))))))))))))())))())))))()))))))(()))))))()()(())))(((()(()))))))))(()))(()()))(()))((()()()))(()()))))))()(()))()()()))((()())))((()))))()())(()))))))))()()))(()(()())))))))))))(()(()())))))))))))(()))())))()))()()())())))()())))())())())((())()()))()(((()))))))((()())(()))())))()()()))())))())))))))())(()))))()))))))))())((()(()(((())(())(((()(()()))))()(()))()())()))(())()(()))))))()()))))))())())()()))(((((()))()())(((((())))))))))))))))))()(()))))))(()))))((
357
((((())((())())()(((()((((((((((())(((())()((((((((()()()((((((())((((()((()))))((()(((()))(((((((((((()((((((()()(()((()((((((()((()((()((((((((()()(()()((()()(((((((((()()((((((())((((((((((((()((((((()((((()((()))(((()((((((((((((()((()(((((((((((((()((())((((((((((((()(((()((((((((((()((((((())()()()()()(((((()()(()(((((((((((())(()((()())()))(((()(((
493
))))()())()())()))(()(())))())))((((()((()(()()))()))(()))()((((()))()((((((()))()())())()()()()(((())(()()()((()))))(()(((()(((())))()())((()))((())())(()())(((((()())(())())(())(()))(((()()())()))))()())))))))(()()()()(()()())(((((()()()((()(()()((((()(((()())(())))))()))((()((()))()))())))())))()()))(()()())()())((()))())))))())()())))))))(()()())))))()())())))()())()())()())()(()(()))())(())()))))))))))())())))))((((())))))((()())()(()((()(()()((())())))))))(()()))))((()()))))))))())(
976
((((((((((())(((((((((((((((((()((((((((((()(()(((()))(()((((((((()(((((((((((((((((((((((((()(()(((()((((((((((((((()(((((((((((()(()((((((((((()((((((((((((((((((((((((((((((((((((((((()(((((((((((((((((((((())((((((()((()((((((()((((((((((()(((((((((((()(((()((((()(()((((()(((((((()(((((((((((((((((((((((((((()(((()()())(((((((((((((((((((((()((((((((((((()(((((((((((((((((((((((((((()((((((()((((((((((((((((((()(((((((((((((((((()((((((((((((((((((((((((((((((((()(((((((((((((())((((((()()(((((((((((((((((((((()(((((((((((((((((((((((((((()(((((((((((((((((((((((((((((((((((((()(((((((((((((()((((((((((((((((((((((((((((((((((((((((()((((()((((((((((((()((((((((((((((((((((((((()(((((((((((((((((((((((((((((((((((((((((((((((((((((((((((((((((((((((((((((((((((((()(((((((((((((((()(((((((((((((()()(((((((((((((((((((((((((((((((((((()(((((((((((((((()((((((((()()((((((((((((()(((((((()((((()(((((((((((((((((()(((((((((((((((((((((((((((((((((((((((((((((((((
13
)))))))(())()
604
))))))))((())(()())))()()))()))(())(())))(((()))(()))())))())()()))())))())))())))))()())))))))))))(()())))()))())))()))()()))())))))))())))()()))())))))()))())))()))))()))))))))))(()()())))(()))())()))))(()(())))(())))))()()(()))))))))())))))(()))())()((()())))))))))))()))))))))))))))))()))()))())))))))))))())))))()()))))())))))))()))()((()())))))))()()())))()))))))))))))))))())())))()))(()))))(()))))))())))))((())()))))((())(()))))))))))))(())))))))()))))))))))()()))(())))())(()(()))()))))))))))))()))))(((()))()))))()))())))))))()))(()))))())))()()()))))))()))((()())())))))))))))))())))((())))()
338
((((((((())))(()((((((((((((((((((((((()((((((((()((((((((((()()(()(((((()(())(())(()(()()(((())(((((((()()((((()(())(()((((((())((()((((((())(((((((((((())((()(()(((((((((((()(((((()((()()((()((())(()())((((((((()(((((()()((((()(())((()())((((()((((((()((((((()(()(((((((((((()((((((()((((((((((((((((()(((((((((((((((((((((((())()((((((
748
(((((((((()(()))(((((((((((((((()()(()()(())((()((()(((((())))()((((()(()()))(((((((()((()(())((()(((((()((((()((((((((()(((())())(((()(((()()()(((((((((())(((())(()()(((()()))((((((((())(((((((((()((()))((((((((((((())(())()))((((()(((((((()((((((()(((((()((((()()((()())(((()((()()()(())((((()())(((((((((((((()(()(((((())(((()))(((((()((()(((()((()(((()()()(((((((((((((()())((((((()(((()))((((((((()(((()((((())((((()()((((((()(((()()()((((()((((()()(()((((((((((((((()()()((((()(((((()((()((((()((((()((())(((((())((((((((((((())))()()(((()(((((()))((((((()()()((()))(((((((()((((((((()(((((()))(((((((((((((())((((((((((((()()(((()()((((()()((((()()())(((((((((((((()()((((()((((((((()((()(())((()((()(()()((((((((()(()(()(((()(((((()(())()((
