10
10 30
25 27 7002
2 11 966
3 5 5198
10 27 5120
7 28 2119
8 29 539
3 20 7046
17 27 699
7 17 7065
11 22 6596
100 500
166 471 2793
209 332 8157
432 498 6930
321 393 1395
90 140 4737
246 386 4257
137 302 2868
84 429 3405
444 466 7326
38 456 70
311 497 6377
96 421 6492
435 480 5024
166 270 2689
49 331 8188
226 305 8126
192 192 1983
134 140 1879
115 245 7007
273 334 4227
346 388 1733
66 296 9285
47 162 4566
39 168 7440
261 465 7041
280 342 491
151 427 9209
168 381 4752
35 400 8596
125 262 6107
44 49 8308
15 294 1984
435 499 7445
275 285 876
179 383 2216
7 425 1344
207 450 158
125 158 363
334 395 3417
153 400 6055
49 105 4159
180 199 8358
88 453 6207
98 305 3438
360 390 4521
298 396 4321
105 330 7976
65 95 3185
77 398 3762
53 57 852
196 318 5618
204 500 2835
164 343 3365
299 370 1001
43 482 5876
222 478 762
63 322 7088
235 353 7760
190 375 8788
7 252 141
140 480 5447
191 274 7597
101 181 1184
2 389 811
226 409 3230
2 58 1703
228 302 4407
291 391 5621
106 239 3233
37 218 9912
193 430 1327
109 209 8208
111 363 7485
128 226 7857
52 492 7023
85 493 6646
1 481 790
221 471 5542
74 429 3028
100 189 8004
171 463 514
257 349 6444
66 395 7006
125 350 2636
76 394 4074
132 362 3328
51 87 3474
185 284 2754
114 181 3774
397 441 1937
297 345 6056
245 331 7729
264 374 6047
203 469 6547
117 147 1037
99 497 9461
281 380 3268
254 351 2156
309 408 8864
59 286 7104
100 1000
110 460 5144
56 627 5321
34 668 8198
493 523 3640
125 610 2153
373 547 3704
598 744 5976
307 381 9717
126 947 8761
77 961 4957
273 769 7745
15 208 4566
548 551 2527
10 968 5519
259 458 4707
128 326 1915
309 916 2468
367 636 4026
386 873 2738
118 497 3482
189 258 9176
877 944 861
302 320 6406
383 444 6588
371 772 8909
668 882 5404
351 816 5035
387 795 1679
261 803 6904
141 697 7213
118 364 9058
221 754 4963
815 868 8021
284 523 1645
341 957 2111
472 930 6063
33 731 4770
274 929 8138
54 415 3802
275 869 7388
171 446 6881
1 380 6776
716 975 48
85 260 2023
675 824 1913
432 659 1294
163 346 6722
96 593 9906
194 614 3316
911 949 9976
24 777 1747
129 512 4897
39 171 1856
114 185 6901
919 953 573
368 875 2334
896 965 2543
56 561 1080
446 947 5754
317 884 6616
180 554 1721
111 243 217
594 635 3933
544 579 1950
361 591 1287
328 661 356
275 287 8376
78 655 9254
769 965 3896
568 598 887
25 104 7653
229 522 9674
859 939 9951
315 866 678
162 486 9056
123 353 4056
342 715 6320
93 567 8936
665 672 9226
281 308 3008
577 947 4280
176 693 2713
469 831 4806
109 343 7063
421 422 8484
748 999 6951
294 440 5645
121 777 2344
94 835 2695
712 893 7656
380 813 5707
467 920 2544
25 449 3479
1 640 2625
249 874 2497
386 437 6415
53 149 5247
390 741 4686
398 569 4131
71 144 1388
500 10000
5477 9440 796
8420 8422 2495
313 9288 1034
1922 6653 3952
3553 3766 7489
5964 9536 7159
2819 6688 930
7813 8594 2583
5380 6734 8741
9072 9942 2605
421 9710 347
6267 8062 6805
1141 2815 4722
4490 5317 8108
1030 1740 9993
4188 9059 7341
6950 9962 7495
6477 8534 1557
487 5825 2486
2067 8440 4873
7732 8252 3349
1045 7780 282
497 740 1181
2160 6551 6855
3913 8688 5299
309 4249 4067
2686 2705 9983
5134 9750 6520
8514 9447 7499
140 2381 7932
7294 8121 1920
380 5263 705
45 483 6605
444 1114 7026
63 2518 6504
5773 9842 3948
940 9952 585
535 9813 1307
2504 5728 884
7162 8577 2230
4893 9091 407
3223 4450 9165
2230 3939 3493
665 3477 3985
1650 3286 2305
4182 9211 9524
3424 8885 1742
589 6934 386
495 6714 1094
1134 6533 8558
2982 5969 6360
4580 7832 7169
5792 7948 2007
4106 8188 2224
6104 6133 224
3576 6491 9646
7587 9683 3755
7716 8434 2289
1356 4179 4454
4023 9810 3384
1984 5732 173
7611 9629 3325
1673 5732 9821
563 4996 1990
483 9749 4411
1942 7189 3329
2297 6581 9391
124 4965 3456
2654 7104 8758
1034 4172 979
536 3659 8920
6084 7067 6741
5306 6225 8023
2821 4606 3721
2775 5372 1320
4112 4547 8437
737 6841 6262
6114 8811 190
3841 9068 772
220 7916 8966
4877 5249 5891
8376 8789 6611
3447 7604 8004
1233 6429 2209
4229 7263 5423
7246 7997 4922
5817 6352 3589
1761 3198 4531
5305 7910 6433
2416 9749 3275
1933 3095 5798
1 1261 6991
4444 4895 5332
9000 9527 5105
3360 7878 6796
5613 8855 5177
3962 6994 7238
4879 6361 7419
3601 9819 3200
2046 6836 6075
3842 4955 9577
5882 7917 3902
407 4715 8493
8199 9597 3506
5258 6232 931
5997 8746 6783
4647 6346 4533
4261 7332 9200
3745 5910 6144
57 2535 7052
6111 8203 1516
3072 6316 4969
5892 8205 4972
7363 9708 2674
3905 6273 41
7107 8332 9063
3711 9594 7516
2632 7889 758
1075 1960 4730
3859 8553 1737
6690 8723 7396
8735 9069 8607
7475 9562 1135
3523 4337 1102
1663 7056 640
42 7237 5560
2319 4022 9916
4748 8405 460
1226 2674 2638
5147 5364 3296
1695 7678 7721
1059 4929 1949
3827 7429 1488
7249 8704 8876
6937 7149 3940
235 8270 6143
3453 7145 8605
179 4704 6225
6605 8567 2139
4072 6040 98
6383 8722 5839
4128 7628 1453
2809 4897 228
1865 6808 1291
7614 9378 7716
282 7087 7229
974 7777 7800
6011 6775 9701
1707 2415 446
5155 6380 230
4852 6829 817
6095 9882 6701
4935 7552 5045
1163 5665 5023
6494 8988 4818
2761 4578 2179
6110 7521 1874
1974 6066 4339
1461 2692 4557
798 8080 4190
1854 2123 9172
6357 7927 1697
2308 7537 8412
4108 5003 8455
4809 7014 5709
7986 8161 9101
1755 7875 2427
1198 9648 1227
3347 5075 1332
1 8839 3503
4701 6191 378
7519 8391 3883
1829 8932 1123
6079 7297 4049
5157 6474 4862
1199 7400 7053
2363 7584 5384
2828 6031 9059
5321 8950 3775
2264 9325 5019
6176 7176 5366
2821 4665 2953
1022 7517 9018
839 6608 465
4080 7029 9731
3194 4955 4106
3726 5214 7678
3682 8528 4864
968 5157 8393
3629 8763 1088
4174 9041 2384
2835 5129 3792
1181 4166 8039
261 8510 9389
4425 5399 4056
1875 6247 200
629 1423 3519
7563 9475 1554
687 7851 3828
3822 7191 5958
1990 9645 280
70 1807 5415
7184 8920 6243
8745 9428 7020
387 3065 540
6587 8739 4489
4547 5687 2618
3714 7996 558
1831 7995 2761
2539 3579 7765
5764 9552 8832
691 9270 631
6989 7190 7202
1830 6367 495
4868 5462 3603
6811 8155 7651
6195 8301 1677
4235 7516 896
4590 8756 8659
2107 3262 8261
8009 8669 6853
3097 3736 3633
6902 6998 6820
5971 6104 7504
4799 7178 439
1870 5733 7924
7354 7701 2814
424 9014 9088
4239 8053 4247
1476 4462 8554
6240 9531 5310
8645 9383 8737
9282 9578 3098
1689 3234 8955
5897 7761 5221
7447 9198 9620
1294 8462 6091
3806 7653 4051
2245 9746 5158
2160 8709 2751
1944 3183 8472
3503 8267 1185
5167 6304 3770
785 6987 2091
7125 8068 5412
5958 6782 2345
326 8104 1870
1721 2940 6533
1310 5241 4070
8802 9694 4081
958 7199 4881
36 2877 9776
5071 8813 326
3714 4769 678
7803 7889 7833
1340 8079 4576
4212 8279 6693
8374 9557 9542
440 4683 8125
8281 9114 2431
4772 8125 9171
2266 4052 3365
3807 4306 2090
4856 6123 5066
1432 3578 1897
7443 9509 9226
3390 8928 4304
853 8776 787
1252 4372 2799
7382 7803 3457
6001 6746 2260
4408 6163 7342
5106 6662 2644
4378 7644 1689
1800 2213 1021
5401 7863 7654
6822 9047 8316
3095 3381 8182
1069 6601 2682
7745 9955 7143
504 931 9835
385 8865 6062
6687 9726 8873
5466 8560 8643
3445 9241 6413
866 3659 9101
6941 7556 671
2117 6901 9536
62 1676 703
3495 9892 2147
2892 9359 7077
1945 7406 7670
8774 9029 9509
1807 6387 4723
1737 4194 1398
1818 5312 3219
413 5591 1557
1679 4511 2148
4313 4399 5268
122 4172 5225
2427 6341 1784
3495 5792 6754
2842 7512 4834
4215 9085 5405
816 7493 8430
4286 5404 8812
287 2993 570
3343 5606 3752
1655 2261 904
2468 9657 9510
1451 7975 7671
40 988 5111
2091 5552 6622
4503 5846 5526
140 3908 3290
2630 9597 7549
7533 7728 7241
2253 2787 7672
2877 7806 8822
6003 8487 5214
526 6936 7447
122 8362 3516
7404 9373 7830
1973 9623 9412
3553 5888 6476
3137 8318 421
4379 4399 4868
597 1198 2347
5076 6143 5070
1469 2849 6474
889 9773 8817
1851 5076 4807
7042 9796 8823
3983 9671 9127
224 7469 4483
5884 9616 5115
6205 6225 9796
1714 8390 2283
3598 5193 384
1378 2632 465
3758 5930 9802
514 1828 1289
2464 9778 4949
6232 7565 6823
7752 8816 7422
2084 4972 281
7738 8319 1668
2621 3887 2142
2994 9031 7642
4192 4715 2326
6831 8602 367
1382 3348 7212
503 6839 8061
1950 3831 7840
3118 7804 3824
931 4895 441
1271 8652 9465
6342 8015 8250
4297 9956 1427
4827 9233 9843
1120 7278 4613
7242 9419 8187
686 5115 9368
159 3594 9644
249 9054 5162
5752 7895 7391
7619 8586 9220
8967 9934 6664
5783 6910 4296
4391 8855 756
2144 3395 9439
675 7646 1522
4051 5839 4465
2175 6729 3264
5035 8749 741
4548 5954 4198
3694 5780 763
5843 9993 967
1071 3463 8295
939 9579 6055
2337 6527 9744
2370 7421 8248
247 5476 9673
1487 5708 5529
697 6474 2863
60 6212 3839
2811 8693 9380
2738 3766 7189
2041 2089 8810
3751 3787 3362
3988 9616 4595
1481 8700 4858
7547 8619 5000
6138 6315 8807
6681 6775 5864
6397 7559 664
889 7388 4755
6553 9077 5786
2612 4590 7127
669 8210 933
2610 5046 3193
4701 9743 3017
6646 8157 9479
3344 9415 6058
6419 7764 9693
2107 3239 6873
7649 9601 7622
2762 7341 8213
618 9773 4229
1893 3707 3441
4260 7507 356
1707 7014 3111
2456 4557 2092
3960 4563 7724
3723 7255 2053
989 6016 4885
997 6399 7647
1687 5418 4762
25 7009 9009
228 2586 7097
5191 9175 4785
6913 6935 3549
236 5269 4181
1014 5464 5664
2078 8171 233
5777 8412 1486
3800 7715 6434
2462 7648 747
6182 6363 3313
1555 1588 4840
970 3730 9867
186 9742 4465
2105 6606 7560
1764 4622 2313
2444 2716 1177
1107 7915 5161
7771 9486 5823
3959 4958 8966
3804 5556 9048
4188 7565 8962
212 2198 7165
4005 8744 8342
1054 3519 7674
718 8446 9646
90 6860 4045
946 5934 9460
1808 3342 4641
4847 5760 3456
2169 8936 1788
1466 6738 272
2211 3063 3447
218 7051 2883
224 5287 5902
4645 9347 6604
1575 8810 6472
2960 4489 9589
4335 5067 5128
78 5552 6865
638 1373 6244
739 1479 4534
4948 5619 9381
4488 8064 1433
572 7549 2752
4440 5754 8140
2179 6703 8787
3668 4573 6421
1024 3217 1684
3314 3795 6144
308 4883 422
6302 9682 7399
453 6383 364
1522 4714 4783
2647 7858 4514
1040 1570 7942
2542 9738 201
131 900 8604
1099 4345 2259
11 8387 1279
1292 6434 8287
1897 2489 555
5927 7412 9254
452 9979 2673
2019 7178 2486
5754 9587 3814
199 6900 7023
2370 2973 8494
6086 6112 4044
1731 7744 5849
18 8325 6323
2034 6294 3631
2025 8920 8896
6314 8427 5656
7314 9977 9614
5997 9509 9742
4422 8069 6566
2994 4827 3094
1514 8865 4428
578 7335 9595
885 1626 8152
277 5800 3613
500 10000
3926 8060 2946
4264 7580 2730
83 7256 5024
268 3186 5643
98 9490 212
2276 4716 3698
3651 8116 2225
8621 9222 4497
2472 7541 1630
3501 9591 1006
5249 5778 5406
3086 6855 3413
7503 9555 4014
1398 4134 2573
4102 7055 5167
3446 8991 4495
3907 8345 9430
6055 8088 8019
66 7662 4001
1902 6849 6365
4383 7857 7884
5063 6323 1352
1939 7591 6917
6924 7925 6113
1011 8409 9788
5691 9160 358
3479 8347 8446
3508 9205 2975
898 4638 9266
1751 9170 1309
3880 9129 9557
4283 5163 7650
4435 6199 8195
618 9478 5457
1129 9358 1142
1846 3356 9879
2998 4407 7251
61 1226 1720
1949 3309 1875
5818 9126 6558
2649 4971 6110
4856 7818 111
5118 5709 5086
202 5343 1214
3199 5926 4498
1778 8126 2276
3352 9082 5873
6895 9775 2175
573 5341 7857
2240 4391 4731
3772 4578 5336
3744 5146 4816
4797 6554 9154
3896 4541 4252
2188 7803 2899
6474 6948 9601
2116 9908 2095
4651 7459 4689
558 2351 5463
2195 5409 7848
1606 6715 4566
1892 8126 474
4444 6348 6572
411 7748 4750
83 4299 6505
662 7326 3371
6710 9873 9406
3189 9201 2993
2493 3604 9568
2296 5885 8810
476 3494 9854
6579 7514 9426
6507 9276 9652
396 4812 5476
2034 8294 6224
5530 6322 438
1017 6203 3796
2847 8798 3271
4222 8261 5340
1649 7206 2535
6593 9139 8179
1104 4488 2839
1310 2995 7792
1623 4591 354
1981 5964 9477
6387 8484 2028
6758 7860 9499
102 7653 6105
1383 6778 1239
3885 5428 560
334 3951 2929
3444 5245 6016
3246 9521 4294
4759 9356 9331
686 4566 59
4600 5600 8642
3022 4144 5445
2070 4220 3384
3339 6241 7926
8107 9455 3323
2955 4039 2106
2232 8948 3720
2509 6801 642
1629 8253 9437
2975 3832 4319
1530 7422 4924
4925 5726 7778
4289 7504 2094
8076 8180 5812
1549 1702 6981
5502 7082 721
6617 6903 6534
1220 9079 6073
4466 7264 2902
759 7153 7721
7422 8740 5908
49 2359 9270
6646 7613 8774
3051 6101 8235
3535 4186 4040
6859 8684 6773
1111 5990 2145
1740 5526 6220
716 4337 1192
113 8200 6948
1034 5746 2134
3668 5887 2516
5856 6130 7517
6398 9484 2646
253 5770 6057
4055 5038 160
7605 9563 5428
619 5396 4209
4803 8233 9728
7588 9499 6767
2581 9540 5072
7395 8239 544
3857 5343 743
1553 7216 3239
6596 8482 1717
5121 8792 4576
8828 9716 302
23 3180 1870
2714 7889 9661
638 9392 4645
3527 6189 2712
1096 3035 3171
538 4390 6917
1416 4652 6932
1830 3745 8652
554 8978 9125
4389 9746 7102
4704 7049 1704
2545 5711 1734
2628 7766 649
3034 4577 6142
2438 6618 7311
2970 4148 2069
2056 9343 6631
738 8186 4223
422 1277 8380
546 4644 8364
4894 7893 6859
1765 7455 4877
5269 6324 3462
3464 8380 1876
2507 8778 7174
4538 5453 8954
2978 5929 5797
1713 8847 3590
1114 2115 9740
3089 9658 3899
286 7584 2170
1946 2669 1075
9106 9215 6821
3896 9789 5642
1046 8759 5990
625 6045 62
77 5079 239
1646 8192 8004
1139 1754 8287
1857 6066 6830
4036 4760 4761
2041 4957 5275
2417 9382 5328
2183 2310 9038
4174 4457 5111
3372 3772 1060
5148 5703 8472
4541 5916 623
207 3617 4898
4574 7193 728
382 9243 7512
259 8889 3444
2394 4107 663
2545 9385 7172
2489 3638 6567
5078 6031 1619
96 446 8102
2570 4380 9435
3920 5952 9568
7023 8538 3048
5675 8593 5362
3274 9480 592
3324 7891 7089
7558 8351 5251
1646 6759 7254
3284 8477 5567
3855 6250 9564
2994 4895 7334
5493 7683 7980
3570 7162 2916
1697 7920 39
3627 4014 1930
4243 6941 1189
4844 7690 560
805 7998 6318
4132 8926 3706
2918 9491 5862
1555 9364 7769
3831 6604 5341
686 5214 3749
334 6016 1767
338 1120 7928
5516 9152 7609
2093 6830 94
2934 6727 7733
185 4073 1595
2418 9280 166
7962 9332 1357
4840 9541 2143
634 4187 1155
345 7656 1152
3309 6381 9645
2867 5997 762
5086 5578 4565
1444 6601 469
2139 3106 9790
1039 9101 8495
2988 7312 8507
6024 8026 2871
39 8006 3266
2876 3046 4378
2188 4574 9042
3297 8993 8765
7451 9835 3714
2753 5847 2075
840 7262 2124
2247 7284 3024
437 2459 3497
9034 9478 2742
2161 3844 6333
2115 9724 3648
2562 3509 2933
435 828 741
2527 5408 3200
695 4596 9007
2115 3985 6107
3706 9053 8883
2363 7453 8993
6103 6235 7314
10 6597 2546
25 2231 9121
2520 6430 3218
8589 8770 102
1547 6760 8437
1846 6354 6851
1742 1810 5945
2646 6034 6471
6678 7559 644
357 3635 5874
7010 7702 1838
1574 7649 3608
2550 5418 7473
850 5613 8361
7027 7095 2768
437 5259 6703
234 1202 8037
5664 9685 1770
4595 9923 7247
7409 9694 3992
1676 3290 1707
1941 8069 7480
401 3988 8705
3614 4602 2768
1364 9591 2433
778 5420 8908
2398 8668 1215
2968 5294 218
3117 8454 6572
2501 3538 3923
615 6137 8647
2120 7317 7420
5720 5954 6515
1131 7900 6221
580 9633 6681
2541 5693 6592
729 2397 1841
1900 4393 5165
7400 7631 5740
6816 8575 2453
3993 5292 9237
4040 9904 6414
4703 5509 4825
8867 9878 2862
7373 7407 5924
1110 5003 8922
1104 9914 6077
2110 8988 9552
6746 8672 6419
1263 7736 9154
2747 4315 3401
1219 9773 7701
2645 7519 4272
2663 4674 1675
1403 4442 7716
929 7132 1198
6174 7003 840
278 8442 2541
4838 5073 5701
7822 9008 6043
8435 8681 2048
5077 9575 20
3622 4050 6059
6860 9225 7187
1659 9058 3967
7007 7348 498
5406 7737 711
5912 7961 7408
4085 5612 3968
4359 4624 3849
3518 9793 3071
1199 3780 689
2306 7059 9826
7708 9985 1923
5260 9846 8363
3457 5173 5561
1376 6114 2825
3153 5735 8700
8305 9049 5353
4938 9543 4893
1702 5691 8493
211 6090 7828
5217 9638 6923
1587 9082 8104
6803 9624 8200
337 1405 6111
1224 5533 3366
2350 8657 3848
1301 4184 523
8546 9933 8727
264 6973 5794
8053 8701 9584
219 2531 263
1092 2273 1575
3126 4010 8623
3645 4494 486
7908 8452 822
2915 6465 1904
6939 7085 2652
8782 9366 901
723 7057 7234
4081 7276 7206
4857 9791 8944
2481 7986 1434
2732 8148 7482
144 3607 4017
8484 9964 8004
5744 7889 7513
3089 3966 2322
1998 8693 4735
4098 6296 2581
805 2655 7671
8675 8734 2066
3660 8459 4846
2997 4900 2516
3983 6215 4624
2182 9829 9364
4161 8612 5285
2778 7020 7671
5170 8555 6448
5661 7486 4856
4726 9326 970
833 1137 9815
2621 6710 2939
3467 5772 962
3409 6561 4811
3846 8499 7250
2981 4823 4088
2220 7248 3944
866 9175 263
3471 7500 1673
3925 4031 2095
2116 3516 7639
5023 8633 6148
315 6805 8897
2200 5511 3185
6972 9413 4509
2962 6915 4377
4479 4687 9300
4934 9362 1695
851 1634 3214
3072 8882 8723
136 9908 9551
5118 7830 4399
2066 4071 9474
7676 9307 3746
7031 8084 2052
2807 5366 4861
2234 9225 9299
233 6922 4315
358 8162 2455
3150 5274 8373
729 952 7905
356 760 3718
6707 7342 2307
423 6314 9148
6412 9181 2816
3977 4443 7712
2160 6514 3924
7482 9808 8278
2284 6796 8502
4512 8578 808
351 1741 7885
6101 6732 7583
1534 8902 4768
4924 8746 8563
504 7427 4881
1761 9991 3557
3420 6032 8748
6293 9235 9210
3527 4614 7804
616 7652 2090
1121 6194 2286
889 2974 9657
3909 9528 7305
5674 8597 9204
5331 9175 3997
127 8396 8064
412 7858 7467
3255 6280 2703
1611 8393 2181
1529 2907 6003
1422 9643 551
4101 9562 2712
5284 8428 7509
6247 9426 4060
1298 2238 4358
3561 9602 4017
380 4216 3617
1384 6818 3862
118 5030 3270
1479 9086 578
6851 7386 2239
5074 8383 7138
3978 4230 4104
1892 7526 4964
3362 9664 5563
1891 6167 5300
2710 8111 609
1279 3454 1926
371 7052 7094
2902 7320 1140
9328 9628 9947
3543 8645 7146
4665 7777 1104
7025 8943 47
1940 8796 5939
1346 3830 3255
845 6181 1684
683 4632 4790
13 6469 8810
1017 8150 7638
7612 9233 2123
634 639 1004
43 9120 6550
388 2271 7015
224 1639 6981
2651 2703 5499
4402 4894 1393
6195 7230 5052
6795 9276 277
5079 7439 1245
1176 6911 7143
527 5788 3163
3337 5105 3907
6530 9536 7253
1507 9696 2202
3480 7351 6366
1982 7720 7787
1096 2569 3493
779 9252 607
6497 8782 4084
6929 7753 5563
3191 4755 5432
3885 4895 2225
6940 7836 1791
976 9546 8278
1074 3979 9832
3800 5146 3723
500 10000
7905 8957 9478
628 6703 7510
4982 8250 7526
2113 6565 8016
1519 2380 4435
2658 7260 6067
3581 5526 7335
247 712 8821
3749 3806 2548
1182 9528 3215
93 4995 5123
3608 6967 1794
2267 9321 2652
2201 5066 6125
2316 3944 7910
1076 4494 8407
3035 3779 913
823 7273 8611
7531 8382 5569
1817 4542 4996
2837 4780 2029
5428 7696 1149
7731 8539 6632
1341 5261 6893
1890 7293 7583
1655 9622 7339
4612 7191 1940
4271 9821 5534
6880 9506 8058
6532 9502 3552
2940 3138 9761
1453 9289 7987
3563 6212 3763
561 4653 1171
505 5687 687
5136 5258 6957
4163 5392 7989
4060 9900 4607
4224 6722 5842
2884 7118 1010
2922 4998 7742
5857 7965 5813
6619 6832 1028
4094 7554 8347
4393 7257 1617
5184 9366 1655
1095 9649 9200
1756 5057 5270
1067 7540 7700
8612 9034 4973
1593 1804 87
5615 7117 2596
3295 3937 6034
1795 3336 9699
9972 9980 9085
3652 6786 8651
1512 3553 8216
3907 9447 4918
841 2358 2410
6972 7600 1907
5406 7369 7290
1659 4503 5532
3956 8976 6875
2474 7391 7946
5756 5777 7341
5527 9721 7707
484 7954 2209
4460 8802 7569
1218 8038 8604
528 4491 4559
2551 4671 2655
3056 5094 3183
8311 9347 2038
1554 9501 9846
1464 8497 1247
5745 7711 2012
3049 6517 2284
336 2067 1893
4020 9613 6747
6074 7279 8773
1045 9398 6709
6664 7645 995
1757 7032 8870
5838 7186 4172
2711 8452 4972
1086 4523 5915
2937 6604 7986
4400 7985 3111
5506 6047 8126
775 1064 3309
4692 5076 5753
6935 8070 414
1224 5089 1519
3047 6996 5788
852 3563 9351
3067 4915 4576
2935 6065 7668
617 4035 9582
1696 6656 285
1848 9148 1725
6540 8700 3001
377 1981 7393
795 4802 6797
2076 8573 5467
3697 6222 9402
5727 9433 7683
1525 4311 8338
2210 4671 7459
1242 4381 2219
2170 6655 7463
1377 5805 5896
13 2504 8131
2464 9300 6275
1539 9233 9764
2069 3316 9038
4653 8874 8012
974 3380 9211
1645 6452 327
4244 8715 1417
7906 8972 7763
1663 8182 7569
402 2730 4879
1812 5442 6354
6782 9169 9377
7613 7851 7497
3898 4547 3870
6315 8099 7876
3724 6742 3445
7721 9303 4281
2783 3328 9949
3364 5804 8257
240 1337 9536
8068 8914 6890
4822 6387 4583
7261 8364 9933
5190 8761 2518
2413 5573 5564
34 8728 5338
1516 1976 1279
7139 7425 2882
3087 9916 6288
6108 8730 3387
2219 8532 1925
2764 6919 2432
1302 8948 6814
6470 9606 977
3683 6191 3247
2932 4888 9570
1263 7591 6287
2297 9432 3399
4060 7265 97
3561 6739 5374
4127 8086 9634
606 4596 9228
809 8079 7715
4014 5411 5228
5149 8262 7257
7737 8989 3045
1401 6488 9555
7090 9318 5530
2196 3855 171
1582 8845 1271
4764 5638 7903
1772 9587 1930
5107 7021 6993
899 9747 8480
3007 4603 7374
4538 5242 6161
175 3762 3611
534 1310 7005
9201 9408 9046
170 4444 8488
1325 1616 299
7412 8264 9347
4077 9000 3764
1749 2123 9068
2177 4106 374
12 2832 6969
518 5721 3082
50 3089 4496
2433 6358 4681
3181 7740 1193
5505 8623 7578
7109 8212 6952
2880 9811 992
1923 2590 6901
2203 3811 6990
4703 5941 9869
1762 8808 1198
6503 9345 222
2699 9871 1554
5008 7933 2686
82 6385 218
7283 7596 6701
2144 4714 871
3420 6043 4555
2264 3359 3613
5247 9963 8732
6279 8472 7135
121 1569 2939
3716 6264 8327
6155 9051 4987
1421 9285 7717
1588 9029 8757
614 9013 3578
7645 8302 2254
6182 7401 8645
1587 6235 6312
7362 8359 9196
1233 4356 9259
3919 8323 6606
3427 8759 8245
1032 4492 6583
4537 8320 5119
228 3396 933
3350 4849 1617
5625 6978 5547
5481 9903 5800
5587 7846 4035
3317 7234 1558
2528 4703 3240
5779 8977 2379
5227 6300 6515
3478 5678 481
460 2724 3766
5040 7052 2285
845 7273 3335
959 2030 9284
2327 9268 3343
7021 7834 4923
1856 8329 3587
6756 8301 5556
2588 3911 9217
4066 7536 9829
1087 2808 5518
2865 4235 4841
1883 4171 1055
491 6055 5308
343 4120 9958
1702 6023 9731
7070 9175 7151
4749 4953 7418
1324 2364 7355
267 8087 7281
8533 9048 9532
5216 9635 8472
8964 9456 2769
1625 1740 4970
1187 2910 5507
4823 6688 9047
5105 5624 5936
8705 9433 2198
1534 3345 6423
3769 4222 8123
5272 9856 3301
3395 3446 1716
464 5304 6639
4052 8878 9481
4373 9330 3425
2692 5601 692
730 2305 5734
1928 2948 6702
2567 7121 3927
3897 5070 9612
2880 2952 3768
1370 5052 3961
470 4330 4944
882 4942 1221
7362 9802 2057
8387 9791 958
3059 4910 6697
6926 7629 1117
6240 9228 4527
2039 5897 8371
1492 4959 6033
1707 9182 7189
2326 8461 2949
1749 9567 7253
2561 9027 5694
5532 6264 6130
3473 5092 3832
2870 9064 4610
5170 9547 4439
883 5227 2814
3086 7950 2908
3713 6386 6254
1595 8626 3609
510 1811 1078
2606 4705 4598
1089 2575 7040
1018 1987 3668
4141 6641 4299
4584 9423 5489
1630 5485 6420
464 7754 9821
2148 7466 3411
1591 4002 1420
1523 7055 4217
4011 6291 380
1638 2319 872
4475 5317 7928
9459 9575 7811
6364 8109 4205
1148 4239 2518
1362 7070 8093
5122 8607 8104
5975 6715 4353
1865 2393 1663
1425 8788 8083
5638 8392 9220
1771 9086 7724
1785 5323 3465
6561 8946 907
509 6066 7431
9444 9874 1095
4001 9458 2540
671 4567 8374
3855 6168 6324
2906 6973 4605
9967 9994 2247
1388 2213 7930
2709 9810 2
1253 9760 5712
3289 8861 6697
1729 7854 7571
3911 7546 5549
6614 9595 4756
2630 3584 7898
2713 8861 6141
2573 7369 8436
2501 6348 1744
1245 4717 7330
2235 4820 5229
6237 9181 139
8002 8291 3170
988 5679 8495
1187 8798 5367
525 4719 5304
181 7218 8554
151 8116 2577
3312 5477 7879
519 7963 3143
7888 9523 524
7861 9391 2383
5994 6485 1515
4861 5083 3592
3004 6518 6832
194 6343 2402
58 546 6869
6518 7486 2670
3463 9247 5219
2189 8548 1735
3243 6373 2396
363 3514 2528
6221 8391 2214
697 1767 8687
3525 9167 9577
1553 5423 2794
2969 4708 4988
5937 8078 1376
113 7694 4604
506 3513 4395
2109 9804 654
4776 8007 6276
2828 8303 3351
1379 7729 4854
5377 7350 3528
1767 1940 4615
4946 9339 7583
797 5443 4195
3063 7911 8460
5549 7432 107
2906 6854 64
951 2598 7725
4471 7401 7644
2714 5899 373
2860 8891 6040
288 1545 4516
3520 4916 5090
54 5224 4303
4373 6825 489
2438 3332 8363
4385 7336 6202
2586 9199 5862
2620 3182 7402
1548 1584 6073
5211 7852 4820
5916 6558 2332
3349 9649 805
4722 7142 4217
361 2693 6645
3255 3441 8374
2111 9927 9832
1446 9411 4524
1833 6171 6965
2037 5904 5020
4700 5849 4518
9229 9944 6980
199 485 6912
3237 7768 4558
1296 4822 3204
2367 3132 1641
6204 7615 8487
2316 6834 3355
5496 7167 287
742 8571 1734
7578 7721 3390
5050 6108 9258
1718 2053 4803
7180 7943 9867
6155 6720 2014
2221 5511 4675
787 5642 4979
559 1001 4971
5936 7952 8307
4111 8083 261
929 8849 3302
3112 4452 333
3213 7329 8828
450 6258 5856
3504 4580 7158
1435 3629 2044
5469 6293 8752
1218 7407 8202
278 7139 4849
5011 5364 3833
954 2859 9717
3686 7686 2764
1873 5801 8122
5027 8589 9782
17 5925 8665
6246 6871 4772
933 6887 823
4333 5091 8219
1452 9345 9404
469 5492 4195
1984 9388 5266
1684 4793 1987
4097 9625 3138
2678 8530 6398
2676 8009 7115
5744 8389 126
5476 9585 5699
55 2083 1839
4345 7840 3378
6177 7853 2990
1389 7184 5932
4632 5413 2259
5932 6058 8559
5297 8212 9404
5029 6949 6830
2155 8420 9308
2710 2889 9756
451 9662 3283
6115 7176 1148
4755 6088 4510
662 5362 39
5011 6410 4753
5554 7015 1407
778 9593 9523
2264 3172 2547
3728 7906 6587
6788 8496 9475
6032 7503 4474
1783 8872 7015
8286 9710 9032
639 9972 6506
7391 7653 34
4817 8908 7131
3937 7537 6371
3237 6912 1318
1677 8813 8273
4885 6229 5184
5339 6405 8603
94 2470 3297
2197 5293 5810
2665 6344 8790
1312 8237 2101
1367 2951 6311
1895 6111 128
7589 9825 757
203 6155 215
4072 9170 7768
2343 8834 6446
3336 5390 7143
266 8648 3868
4103 8627 8201
1692 6905 8305
564 6863 1947
5673 7684 4117
5396 7455 7362
8369 9145 2738
1266 4936 8258
2154 9955 8771
56 6383 223
1788 2326 1055
2492 3393 3075
49 9265 64
5510 7207 9681
397 2291 7336
500 10000
7128 7475 5305
3070 7473 1702
7903 8935 2300
2174 4975 4004
7529 7915 4738
4503 8589 4900
4027 7293 3721
5364 9238 1196
7217 8901 4128
435 4802 31
4590 8853 4659
5010 8335 4909
2960 7876 2073
4583 9496 5164
3204 6874 7004
2414 5351 3672
1333 9253 1384
271 1020 8921
4247 6004 8055
5740 6052 2419
5130 7826 1900
1839 2182 5171
6160 7889 7438
1580 2102 4248
2140 9129 3638
166 4892 7839
5200 5454 1596
5503 6486 2659
1765 4964 9230
1541 9930 9060
3571 3817 4225
5070 6653 4326
8767 9173 93
938 7291 7692
9300 9446 8627
4316 6707 1958
8016 8811 4273
5606 9913 2329
5553 6111 4121
824 5354 909
2314 2685 9854
3588 5760 988
5162 7442 4496
4276 8104 2984
6263 8326 4554
1364 7246 5645
5548 7468 8889
3434 7592 217
1901 7806 7438
304 541 8089
5933 8661 7719
5159 9956 1445
1614 5971 7514
1436 8441 413
1031 9244 6083
2464 2761 3253
4620 7248 847
2663 9654 6110
7649 8825 1706
1762 3479 390
5665 7905 4005
4971 7659 9362
6102 8170 907
1027 9109 1114
2723 9736 6325
6846 9461 7638
1737 8218 203
3012 5614 6663
6362 9283 9582
7917 9335 6776
3290 5298 7059
7426 8377 374
1007 6006 9826
4421 5463 8300
3111 6420 1167
1470 5306 8979
6760 8652 376
1874 2522 4058
4621 7705 7839
1680 8334 3426
5639 7216 4601
6659 9045 12
4846 8576 2568
1341 2410 8214
815 1635 3509
5392 6333 4786
311 7027 2210
2443 3224 8953
5904 6160 9342
4442 5560 4144
4385 4538 297
585 6084 633
246 5536 8698
7473 8003 8716
5739 8909 3198
6394 7003 8694
8668 8898 6131
2282 3264 1059
7148 9093 3285
1055 6856 4600
8213 8600 2808
639 1090 8035
7289 8852 8806
7431 8748 7094
7085 8002 3435
88 8534 8816
3666 4570 8063
2694 7518 350
4788 5250 1715
4526 8593 6385
4285 7835 95
434 6186 5169
4322 6190 6010
3878 9301 6226
1640 4517 5146
334 7461 1910
1489 3934 5806
1115 3779 5251
5841 7092 8377
6623 7437 1428
1877 5868 2978
4520 4616 2565
4273 5855 4601
1798 9851 8074
2789 5554 6300
5570 9833 465
4763 6794 5578
2413 9846 8938
2080 8894 9878
6089 6224 5907
3208 5707 5888
2903 3300 6775
3664 5289 4207
2888 8750 1993
6870 8733 1923
2490 8275 3725
1104 5078 9258
1461 9586 2215
1541 2143 6944
1779 5278 5239
96 5238 1500
3314 3337 7668
1836 9202 3591
967 4083 7384
2782 9240 6496
368 4550 8140
3332 5309 829
4437 7179 3541
3121 4585 3716
478 3545 9646
2475 7754 6331
423 864 3463
5938 6091 5803
1367 2702 8094
7850 8208 9899
8216 9981 7276
3671 8157 5211
1826 7737 3298
2795 5370 7807
1060 3900 1076
410 9919 4158
5823 9794 6166
6007 6930 2316
3426 4447 6902
52 4158 6868
8655 9188 8250
326 7926 4377
1132 7548 5003
431 3738 269
4148 5605 6225
1304 8648 5858
3665 5565 160
3151 9346 145
9099 9459 9426
2875 6542 6521
2119 7025 2886
557 7371 6298
7364 8983 7225
4592 7658 3986
970 6979 1347
7111 9930 8439
888 8082 2981
1655 4195 5861
657 2911 5137
596 2851 8025
4062 7173 4121
5381 7106 5998
5530 9937 8396
670 2112 5911
3421 8231 2253
5427 6808 1598
2086 3817 6982
842 8856 2108
5355 8231 4381
4752 5812 1657
7175 8479 6932
2181 4498 4693
6594 9208 5655
1589 2087 3447
4722 6080 4657
1423 4521 9510
737 2130 526
671 5729 9206
5632 7292 2504
2776 9137 1588
5476 6870 6700
3753 6608 8709
396 5674 9900
2362 6221 1259
3024 9862 4009
2416 9464 2632
3894 4629 3569
2756 3632 6775
6041 9083 5863
3562 7768 6824
2988 5215 4770
7531 9409 3693
7411 9463 6616
563 7463 7426
5493 8748 5116
3292 8424 2209
716 1624 5204
1718 7727 3190
1659 7075 1295
5863 8096 8495
2930 4120 71
8989 9463 7399
1016 3972 8690
800 7768 9892
4727 6114 6446
840 3126 2512
4613 9752 3581
1524 3920 7316
2039 4655 7503
4050 5826 3147
841 4561 4063
2743 6759 2405
7077 8155 7296
7783 9126 2681
4769 8229 3064
297 1337 3504
998 5254 5373
1532 2781 4847
261 2165 334
4839 5132 7973
4162 5542 2484
5825 6462 8261
502 8273 6907
2741 8425 8485
3152 7849 4315
2791 7481 6632
6372 9939 4826
1387 8572 9992
1688 7349 9079
4497 4882 5175
3115 4803 5887
360 3233 3687
1673 5235 5652
189 9611 8375
1951 7412 2302
632 7806 3601
8099 9373 9409
773 6993 6897
3427 3926 6449
3562 9523 4904
2668 9462 4947
5316 9082 9441
443 8894 1414
192 927 3954
7629 7744 7200
8707 9187 4679
90 7947 3436
5866 6096 3339
5861 9652 6435
1240 5975 5064
2190 2842 3531
8460 9588 9712
3538 4561 557
5338 6616 4491
1213 6645 6282
8157 8321 979
4396 9989 2304
6537 9475 9022
3055 4880 5673
510 6313 4892
7580 8548 2500
6302 7080 9201
2191 6671 6343
3085 7689 1636
4134 8031 8004
4085 8252 5432
7471 8635 3306
3858 4703 7082
6950 9610 496
2418 6704 4700
4708 6001 9821
4551 4795 9840
2648 2830 9706
3170 7289 8776
4862 9770 8171
4556 6241 6461
4572 4599 9755
2046 9589 9998
5470 6599 6535
5948 7810 123
6462 8689 3133
5999 7723 1233
4659 8004 2342
9658 9711 9544
3310 9753 9809
1437 8411 9019
8178 8221 3793
1884 9517 1447
3881 4919 2841
2549 9542 7990
2993 7973 6118
3455 8547 2797
2119 8707 9757
2458 5684 8805
461 9153 8182
7724 9957 5351
1156 8852 6776
1635 5610 1115
2494 9860 1766
100 7332 5185
2231 7617 4841
2035 4511 5712
143 1586 6351
6615 8780 9758
131 6559 1461
2286 7776 1969
1114 4670 6320
3132 5723 2981
1507 6671 8177
601 5356 3998
1272 3759 5114
4159 6800 6928
1854 9680 3355
6597 8548 556
628 6419 5953
5605 9401 9677
6125 6503 2544
1393 7618 4467
2564 2712 2351
118 1707 159
1239 8434 2085
6656 8576 9888
4374 7288 3362
556 3439 2108
1316 2681 4001
6117 9828 1922
4095 7024 4220
4520 5744 6959
264 2074 5198
8453 9337 8094
7566 8620 3280
2704 7387 53
1574 2035 2046
8028 9772 6205
4104 6119 8009
2050 8719 5809
474 3293 6242
1350 7949 6123
3664 4568 3188
5294 5920 2042
4112 6632 275
2568 4035 5624
1899 3197 5635
2821 8391 5066
3418 6474 2155
1270 4231 2808
751 5577 7195
5007 9649 2064
2940 4780 250
2550 7356 629
1399 9251 8325
8907 9322 5693
1356 2831 5060
6369 6728 4522
4420 6386 8510
712 6119 8712
1750 3874 8576
540 6590 392
1652 8013 6329
5205 8134 6828
1705 4508 5625
4438 7006 3379
989 3061 5146
2501 8823 2886
4871 5788 4478
3943 7450 563
5933 6607 9466
1626 2498 5626
6919 7166 6371
626 2316 6582
3938 5175 5224
2701 9140 285
2341 9795 5680
1469 5337 1930
392 2626 980
1179 9227 1066
5350 6847 4655
768 8038 8902
1363 5462 6948
3811 7531 7216
1929 7149 7936
2077 9033 9248
344 479 5442
378 5180 7376
4831 5637 8551
1484 8154 5350
166 1849 3353
488 7705 5473
1251 2553 410
2808 8407 7559
45 8726 1917
6924 9519 1550
5842 8511 5942
1684 3499 585
3986 6329 3843
6853 8499 5829
2508 7336 8089
6946 7197 9523
576 4458 3443
7648 9107 4951
3819 9183 1399
1327 4624 4098
8683 9775 3403
4276 6973 7117
4514 7759 4904
325 3808 8342
4956 9312 252
858 8098 3471
572 6752 4022
4674 8048 308
1063 3794 7293
971 2718 797
1709 8687 801
4459 5794 4708
141 3641 5605
1948 8440 8312
4989 5369 2365
1470 2122 3123
428 1309 4404
1700 8587 1048
6333 7594 9072
7983 8793 8784
3197 3480 7449
3540 5572 2438
4340 6017 2022
8359 9064 3136
604 2585 7611
1403 4678 6496
1428 6139 3488
1596 2965 3948
144 4729 4610
3738 9741 9594
2081 7447 2895
1042 3184 4016
776 7220 3293
5027 9321 122
6780 7125 5819
669 6683 1916
6745 9333 7212
180 4330 3529
1747 6250 8144
4391 5180 2532
311 5365 8165
1294 2546 7655
195 6873 4797
5213 6174 5042
4901 7391 9905
2975 4815 6070
6028 7653 5110
7377 7822 1425
729 8138 2701
945 6201 4779
281 9283 6897
7823 9095 306
695 9857 7436
2093 6020 5138
704 6115 4522
1866 2200 2697
2875 9635 1986
7387 7451 7849
1087 2659 2977
4179 4406 6270
4046 9770 6761
2616 9518 5298
2719 5361 3177
8318 9885 7903
3795 5723 7694
7593 9341 8708
410 6544 8938
2220 4388 2538
840 7482 4674
6858 7924 6073
291 2115 4845
1539 2582 4469
4413 6849 4284
500 10000
885 2303 6351
1179 4999 4932
1454 8046 985
4272 4659 8291
6179 8289 5448
108 3992 8290
8623 9978 8240
3386 5395 7334
4583 8218 3308
5770 9456 9053
9355 9982 5661
361 4434 6646
6103 8575 5556
196 3620 3969
9572 9622 994
3024 9002 7097
4709 8307 272
3481 7588 4398
3846 4526 1946
1624 3823 3495
2917 8270 4160
3237 9082 1927
2431 4809 2111
506 3302 1230
8732 8831 4108
2034 3898 5715
3371 9059 34
7790 8616 9984
3195 6863 9645
3292 6204 5534
1820 3288 4072
1425 1792 5714
7222 9358 2612
3101 3861 6407
771 9566 2393
4917 7903 7325
5880 6030 5904
7326 7826 641
501 9076 1617
1928 5936 9342
1750 3181 4282
2114 3309 9636
5484 9828 3729
335 8193 2360
915 6549 9404
260 2738 2652
2561 8789 8750
2011 6730 303
233 1582 1315
3190 9979 4647
446 5702 6174
4648 6000 8604
7801 9667 9282
364 4603 456
3384 6690 96
5732 9631 3998
1658 3266 256
843 1674 7544
2942 4161 6115
8229 9397 6837
2439 4731 6311
4190 4963 9858
5833 7945 3131
1504 4597 7047
987 9078 3990
4308 8486 4229
2414 2894 130
3043 9025 7902
1111 9166 9598
2824 5852 8948
354 4683 9539
4156 8280 9702
4022 6318 6166
1042 8971 3815
1010 4233 5279
2935 7869 5633
864 8663 2392
4371 6361 2985
6894 8601 7690
1127 1625 3428
1269 1357 6772
8123 9954 9738
2493 9756 1644
165 3715 6761
7680 8994 4522
4503 9584 5805
969 4215 4371
1946 8622 1501
5371 5791 211
3580 9531 1417
1439 9397 605
1616 8351 4402
4105 8846 7319
202 5786 169
456 6461 8720
3402 9182 1116
335 2491 3573
7549 7998 8062
190 3677 9461
2758 7439 8342
9590 9643 7680
7572 9628 250
1878 5167 182
1933 6819 3100
2967 9961 191
3614 9014 9333
2254 8221 6550
3654 6019 97
7710 8100 362
1801 3345 9082
3966 6207 8535
1693 2271 9368
4875 5487 610
6443 8391 5625
2142 9588 2675
824 1554 1629
370 5459 6631
68 7676 2052
3178 4416 8518
2337 7866 1195
2029 4632 9730
7632 9939 7844
1162 7653 4337
2008 4252 1029
2896 3847 1211
5711 9712 4292
3685 4793 7031
3181 4863 8928
2769 4559 1682
1814 4270 6626
4788 6219 176
1454 3928 2373
2075 9695 6904
4198 6608 7747
593 9025 2347
7811 7961 4978
1103 7578 4820
2082 2994 4942
4081 4558 2902
2348 8258 3224
1884 8557 8145
1743 8915 1534
3906 8325 5654
1490 6262 7308
2644 8170 3901
8437 8634 8323
729 9670 2836
5560 6868 4168
2671 3300 5946
776 7946 5295
6415 8426 4172
390 5674 3993
2933 7991 9102
4914 9204 7339
7629 9024 5245
3661 9949 1296
7022 9303 53
4006 6045 5458
6286 9899 2558
7745 9232 1492
4037 4381 3100
2385 3764 7698
1518 4600 3078
1982 6522 956
7562 8037 2005
115 4672 1120
4815 7556 1441
7850 8447 967
1766 8041 4936
6255 7372 3923
1540 5012 1391
1440 8389 4054
5038 7791 638
2428 3974 4582
162 4515 2662
2085 9297 5423
3746 9804 4453
4801 9844 5672
4532 5070 8270
2773 5721 5402
7015 7927 914
4411 7025 8669
2614 4808 4850
4408 7293 8166
1515 6533 7800
1704 5370 5005
2369 7040 6931
3553 8463 3490
759 4057 9620
9173 9706 2435
2869 7605 5079
2331 4252 4342
4178 6015 5507
3762 5485 3709
686 5268 3492
818 5849 6938
7227 8501 2503
2982 6180 2688
971 7342 8215
4207 7847 6508
4821 9979 9944
3069 8718 3138
2999 5199 6434
618 1313 1004
7024 9070 5311
4066 8136 4976
2681 7967 2983
2618 5721 7489
1048 8724 6987
1006 3014 1801
6966 7170 7072
1119 1281 4
4826 8331 2750
157 8385 5567
4003 6290 8537
64 4316 3810
2897 9983 575
3286 3329 7706
3234 4310 9219
2462 8009 2188
555 9179 8392
5957 6846 1223
2903 9817 849
499 857 248
2800 5580 4631
4440 9162 7843
3539 3856 2219
1859 4427 7695
7452 9650 4143
7095 8481 2067
1461 2767 7952
3967 7157 8175
8425 8453 1958
7965 8935 4989
3695 7512 622
399 1859 8585
3507 8968 7190
2695 3620 7902
5914 8310 3690
3727 7635 9986
286 5174 4590
79 7612 4548
990 8134 1805
4205 8998 4405
3945 8785 9025
1851 6382 1892
1370 1512 1522
3773 3812 8253
6378 9490 8724
5082 7449 6963
5267 6945 6459
6771 9435 2972
2383 8427 7681
3423 3825 2286
1322 9007 3356
2198 6365 5689
2023 7821 7081
2260 4233 1588
4923 6734 9996
2848 4385 5948
784 2808 2668
2648 9703 4345
359 6603 1401
7664 7698 6882
609 9465 1329
3511 7134 8164
5273 8069 9315
8016 9962 3261
1591 4445 34
4318 9718 239
6138 7937 1102
7855 8033 1155
1800 5554 7518
91 4735 8987
696 5963 7794
2171 3068 9565
4851 9223 5544
2782 6735 1915
5316 9423 8204
2614 3330 3479
4974 9783 709
6358 7507 2407
499 7026 7661
2161 8005 6836
3060 4325 7664
2434 3316 7161
3416 4159 616
675 1014 4377
1672 6001 7832
3209 3560 2721
1517 6741 8502
572 761 6431
4575 5760 1182
4169 6023 1027
6455 8607 9380
5025 5873 7252
3791 4498 9225
8592 8943 2293
2304 5337 3217
1535 6611 9737
3853 5981 3395
7624 7693 2579
1558 7062 5939
7253 9978 3763
2528 4190 684
6150 8251 4782
5018 6781 8545
2813 9470 1916
431 4472 8997
5594 9454 599
8946 8983 1096
1658 9397 4929
4340 7223 7828
766 3481 2662
3651 8471 6296
5660 7378 4771
2330 3019 6004
949 959 903
36 1078 1590
2924 6965 1849
6162 7031 9908
490 4867 6441
351 962 8474
1653 5045 2810
1744 8579 8949
1855 4488 1663
4878 5840 5408
6395 8791 5734
12 1961 590
1299 1662 7010
5792 8840 4041
1090 4377 3468
3812 7769 2986
50 7423 9915
7129 8456 7161
1038 6145 9762
134 2918 4343
5317 7373 9643
980 9243 5673
3812 9388 3491
4008 6968 3303
1935 6493 6741
994 6673 4724
3274 4269 3706
1115 1219 3008
2948 6122 2896
7490 7906 4012
278 4545 9594
1277 7425 8541
3990 9861 5864
589 5381 9829
6752 8072 3704
530 6261 1677
540 8117 3164
3420 4903 3478
3524 7850 1517
17 4018 9137
1031 3441 1407
6798 8380 173
3328 5554 2486
656 982 177
568 3572 3770
4839 8805 4314
2775 5404 5510
3100 6768 1878
2409 6090 7366
2226 5000 6433
2492 6867 8401
6550 9314 7119
3744 7819 3364
689 9068 8218
1340 2184 9648
2036 9923 2382
6972 7982 5431
1918 3972 2482
955 3476 6194
161 9931 8425
7542 7943 38
2962 9376 3466
1422 2274 4119
2473 7274 9980
5220 7190 749
3434 7187 9701
145 1728 5414
7055 7265 3588
2224 2351 6202
431 8443 540
4902 8701 8166
293 4298 2019
7381 9661 1699
6458 9713 9020
2752 3794 8422
438 9932 7393
2929 8062 5917
757 800 3108
3313 4476 6855
2514 2533 9367
4332 6850 1876
3924 6277 7305
2656 2768 8670
4929 5135 5556
8052 9112 9064
2635 3571 5972
6984 9794 2421
4303 9243 3866
2905 4566 3580
6008 7213 4177
6330 9758 9722
5804 8539 4432
3365 5519 5415
3901 7623 3536
2753 3128 4748
1748 7969 3455
7020 8693 8852
7414 9031 6454
314 9871 5219
4400 6295 1367
3215 3717 3396
5271 9920 5051
4430 7004 2775
3177 8223 2458
2225 2850 1209
1362 3646 9995
2055 8859 7349
4050 5385 4478
1638 6453 7483
1104 3954 4711
4682 9741 2079
2911 5568 8653
2105 4185 261
495 4572 3139
5848 9560 3531
3011 4849 9974
5725 8410 999
106 7162 2440
7688 8729 8242
109 3403 6268
631 4294 8036
3469 8256 754
6390 9803 5328
7815 8600 5844
2293 7023 1491
3018 3042 5056
14 550 7064
3359 6548 1976
2308 9645 7055
5207 9483 2761
3939 9312 8783
4948 8774 3449
2939 4471 1577
2746 8509 8691
9035 9476 6367
6222 6958 7078
4671 7438 8739
6578 9192 9388
6658 7874 1939
7232 7329 3480
722 4574 9989
997 3550 6308
733 9925 9471
264 2075 9033
5423 5583 3178
7836 8822 1199
1190 1740 1223
1053 2233 758
96 9528 2418
823 6040 7541
8589 8634 3477
714 1435 8915
3297 7618 7535
3732 6276 1955
4867 6136 9462
1291 4521 3893
1190 6390 4186
1378 2262 9674
2360 2423 236
4162 9276 5847
7186 8296 7709
4870 5509 6637
2066 3499 9691
6491 7982 4807
6103 7938 8585
2195 6217 373
6433 7334 5374
965 6490 7160
5866 5942 4720
2972 8557 2350
4322 6692 593
2106 8874 1104
1141 7799 4890
8111 8794 6778
560 7821 1846
1049 5116 3578
2863 7141 9266
3371 4739 7611
5178 9002 2691
2689 4162 1811
4808 8811 2039
2216 7893 4651
1295 5696 4688
500 10000
4739 6073 1263
1053 7861 6286
5347 5862 4006
527 2790 3100
5144 6828 3395
6441 9925 6908
7495 8049 9916
7726 8172 726
6666 7772 2730
7071 8428 2287
304 2633 9682
7262 9897 3606
3173 5823 2051
475 1869 4148
824 1709 3600
558 1232 820
141 4624 8447
3094 6309 3424
252 1519 9762
4471 5921 3342
471 7468 341
498 5679 3642
2452 2655 5193
5986 7766 261
4999 6187 7120
7417 8263 3645
8065 9021 521
4210 9508 766
5935 9230 1629
6325 6882 4056
8879 9282 7339
6445 7641 66
535 9386 6352
3032 4210 5792
7269 7609 4954
1342 7042 3632
2467 6462 6526
1340 6955 7274
4433 6860 2968
5844 7938 8648
2384 6281 4627
4361 6523 5908
3667 9129 2808
2710 6988 4113
170 5619 2731
2117 9115 3211
908 5751 5460
7235 9810 4546
4406 4577 9451
1599 6960 6228
4058 7337 9671
4890 8562 8458
5560 8567 2487
7249 9806 5877
1006 8612 9489
3797 7567 170
2918 7733 3611
1949 6233 5899
5254 7884 4232
714 736 2871
4349 6151 1477
4951 5372 4421
2060 8542 3635
469 4265 8812
4806 8668 3575
3490 8520 4597
4530 5910 4672
4464 8123 7444
1021 4285 3639
1873 9656 3283
9696 9701 541
3167 4259 3106
4281 4960 1969
2055 5951 3628
4468 9502 1200
745 4165 3226
3380 4622 1762
2544 4624 3677
1664 3366 7761
294 9992 4935
17 9694 1388
3624 3778 5579
7946 9301 1005
8606 8785 565
4315 9195 9591
2924 6745 6636
5400 8142 3203
2284 8805 9863
4679 8347 1596
2164 9889 5741
3555 8488 2296
1683 7546 4481
455 2847 3434
968 6559 9148
8413 9353 1573
5922 9236 60
3823 7249 6915
7147 9799 685
2427 8603 5734
1613 2394 4695
1258 4758 429
647 2636 6264
6574 8341 6043
637 6194 4210
2396 6074 2292
1874 3999 4087
9644 9889 6649
6354 8295 3715
664 4411 5813
2140 3276 7850
4882 6490 232
6566 8657 4643
5014 5933 7299
6078 6161 6501
5218 9005 6276
5382 5853 7056
3618 5624 7475
7802 9785 1022
2461 5760 9806
3154 9772 331
3164 9145 3202
3971 7544 8162
2066 5815 4554
8139 9638 1129
3265 5221 5996
6245 8495 7903
948 7283 3776
887 4537 7604
6387 6486 8404
5891 7872 1785
1282 6615 4302
293 7726 5417
504 9115 4481
3208 7502 8551
1391 6790 5779
3407 3997 8426
2530 4173 8604
7480 9788 3413
1649 6572 4339
5056 9237 1115
4383 6721 3318
4432 9706 8098
4372 8323 24
3571 6398 5703
6586 9290 222
4745 8276 9490
2033 5314 6364
544 5351 666
3183 8589 9197
6449 7050 7787
328 4546 3778
3167 6284 4454
24 3549 9549
4246 8005 1930
4248 4946 3613
3273 6557 4769
1086 7108 5835
2758 4787 5757
2800 4253 917
1421 5868 5171
391 2745 7562
2491 2562 7576
122 3238 3079
3774 8177 4234
4303 9620 8913
2279 4283 8962
4878 7422 6803
3796 6166 4920
1153 6724 1274
2538 5829 7479
3119 9859 9647
509 6885 8258
2321 6858 9251
2969 5818 2262
930 7461 6113
4301 8205 8129
5400 7560 2255
5666 5792 3410
6552 6661 6550
1872 3932 4323
698 6255 5044
335 9627 6500
2879 9388 4879
453 8452 4041
7697 9471 189
1117 6550 341
8133 9164 5601
940 8943 8168
8298 9168 2391
3797 8162 6838
1238 7857 211
5894 6621 1833
484 5376 8246
1997 4369 8554
4968 8228 8225
4665 6388 4011
4600 8230 4831
6705 9525 8008
7316 9475 9949
8716 9373 1919
3761 8774 5133
94 918 1468
4177 4713 9707
4027 4421 1561
4682 6888 1102
4588 8281 9941
4613 9654 5651
3701 6560 5715
456 7634 5558
4838 5434 4102
7957 9830 2993
445 1429 2523
5883 6520 9833
4494 8949 9623
2603 8885 2054
41 6591 1026
2866 3287 1651
5309 9702 5748
1998 6094 7782
2420 2717 510
1974 8234 6929
970 2659 5338
3742 9127 634
4251 5715 9623
6008 8971 8151
3351 4113 7983
2262 6517 5085
944 2587 251
7712 8950 1770
3324 9015 8025
2346 5997 1457
2112 8727 540
2361 6845 6837
3558 4298 4964
2129 7782 5305
4718 8240 6623
2201 3628 3719
1734 1930 799
6582 8798 2078
1046 5642 7532
7064 9207 9585
4699 8300 5837
2923 4050 1101
527 5369 2723
4671 5594 4859
3250 4194 3958
4592 8475 6134
2251 4028 7347
880 3774 8013
262 9445 8613
4572 9199 8109
3926 7105 7331
7300 7933 6872
3319 3557 4570
7333 7859 6506
6471 7011 1260
5425 9198 189
5037 5215 3720
2334 9970 2586
1607 5041 3050
4349 4350 9954
1096 8303 470
156 7391 6493
8917 9233 5297
1588 6717 3107
1528 9085 3024
1635 9367 8984
85 8726 3444
7287 9709 6604
1830 2781 3556
5613 7333 5315
1248 2300 141
967 2362 8194
17 3285 2759
3437 4871 4267
64 9342 5898
5286 8534 8521
4982 8727 8256
2592 4809 6063
6844 8042 7580
1225 8151 4925
4804 7721 5003
232 9000 9252
8035 9370 584
5852 6883 8140
1019 2552 5957
2108 8948 8627
800 2886 1416
6172 6268 9288
433 8774 9908
254 2059 4184
1966 6521 3449
431 5245 616
2629 7471 5854
3396 3920 547
3431 6591 6300
11 3757 4245
3939 9823 7182
342 6713 7001
4760 9587 3096
4540 8213 4543
3294 6240 2341
243 8064 8801
2284 8491 6261
1662 8019 8072
1081 3637 9013
3733 4027 6073
675 1954 7552
3536 9851 6710
1293 5458 390
4280 7716 5313
1135 5095 6427
6288 9917 2819
2069 2354 9091
1479 8897 6397
75 4217 3036
2060 2926 6462
1415 3165 43
1754 1810 6854
6700 9414 5579
1573 8088 3017
1910 3189 6163
1489 4981 6103
6790 9392 3239
1891 8727 9515
6663 7764 6641
5866 6776 7026
730 4652 7248
3224 3797 1437
105 9984 7904
4993 5401 9194
1317 9909 9291
3514 7264 3263
2118 3277 4113
3817 7168 9689
156 6391 3268
274 9050 5971
2501 2873 6102
1546 9558 6329
2252 6737 3253
153 3726 9647
1076 7237 2631
327 5356 4653
9137 9158 8466
1643 3917 989
458 2191 5870
2190 3559 1272
1672 9044 3871
3081 5704 3916
8201 8851 6429
1174 8231 5570
3481 4453 6598
2985 8309 9007
3567 5256 5813
2916 7765 9160
4650 7885 7172
1210 2890 2475
3572 8597 2335
7208 8602 6698
3077 4739 1018
3507 4027 1339
4030 7274 3958
2020 3894 877
1741 2205 1150
126 5729 1389
1139 3932 7528
973 3991 6009
817 6335 4954
2568 8220 9396
75 555 9994
844 7928 1259
6011 7034 3098
639 8753 4038
3357 5023 7378
4598 5018 9378
2312 6064 96
439 2823 8925
4284 9096 1469
268 8219 4723
1402 4298 6801
4892 6856 6360
7594 8723 6602
5243 5686 1047
4297 5730 88
3721 9443 8410
1290 9042 3883
198 9706 3226
5208 5886 8864
2054 5205 9720
651 6373 1689
4636 5293 8508
4408 9264 9484
2123 6240 7085
1218 2365 5806
7789 9840 5537
6545 6873 8800
5729 9247 1815
1393 1492 4138
2603 4393 1267
1285 5768 4983
6105 9391 4153
7629 8219 5777
3771 6481 4381
6574 9887 8062
2099 9153 4698
7975 8016 3322
516 4619 2144
2413 5884 8789
7998 9781 5042
3247 7032 2767
3089 3228 3760
418 1499 3715
3145 7531 4930
5746 7620 3810
2815 3708 9493
3826 4855 9649
1652 7747 4266
990 3116 8164
679 9172 9933
4645 5298 7531
819 7899 8963
2296 5672 8925
7542 9614 5046
59 9247 1813
2343 5822 2565
3589 9833 4986
6094 9879 3959
767 7836 4130
6923 7764 9519
4214 6492 9832
8131 9348 5318
1071 8829 732
514 2343 5108
4995 8814 2188
7090 8888 2801
2317 5192 65
5739 6747 3867
242 7177 7452
4328 6492 2711
5518 9581 9122
111 8659 653
1347 7360 229
4282 7085 1998
6567 9055 8388
2018 7519 9064
3115 6829 8597
2050 3847 765
213 2738 6305
2116 7226 4272
2819 4509 6576
7711 9787 6385
9111 9873 7862
5818 7636 6714
428 9212 4558
788 9055 6202
4465 6540 7237
1245 9630 1730
296 4062 6553
3356 6070 2333
8633 9011 2674
8124 8318 164
6102 8706 3393
1825 5999 3490
6638 8924 1336
197 3089 1653
6645 6879 3369
1690 7266 6390
6695 8392 8259
3349 7422 6233
4590 9881 6506
7933 8193 4616
3421 5425 8437
5123 8700 4172
4938 8205 8973
4225 5317 93
5825 8318 4532
875 7903 844
390 8220 3331
4520 4740 6478
58 3596 5672
8806 9260 395
6305 9245 4143
5127 7016 5287
8355 9896 8944
194 776 1567
407 1361 1865
2824 5311 4568
1401 3590 2972
1008 3261 5828
5661 6906 5627
6158 8742 4213
5310 9856 914
4535 9738 4135
194 1333 6245
7017 7572 3816
2189 8140 3291
7004 7428 7706
62 5696 9882
329 3001 6844
2638 4699 2741
500 10000
4323 8715 3221
736 796 3011
560 5484 4098
5032 8025 9552
5396 9843 497
5838 5942 5945
6750 9996 2478
1729 8296 9444
136 6887 717
6626 9139 8557
5573 7918 4728
3557 7167 471
1306 2792 4859
1852 3913 6834
2345 7406 4494
3667 9385 4521
5411 9824 226
2359 2986 8591
1406 3105 1726
2260 9951 4731
1743 7902 7867
1691 1909 3552
1420 6685 2143
6930 8415 2561
5599 7430 6278
5855 7630 9812
6273 8444 7031
2895 5897 5733
3928 7375 8197
2100 5789 9583
878 9535 4916
2276 9311 5366
3937 4661 462
2411 5294 6599
1763 5563 101
4306 9842 9875
4903 5638 8107
2767 8970 6136
5155 8062 2704
207 7620 4130
4361 5704 3403
1585 4335 1106
5526 7049 844
2514 9826 6253
1104 3102 3472
3403 4650 4264
8257 9667 9478
2794 5221 4754
4909 6314 2977
1375 8852 5377
1023 3628 398
4844 6746 5201
1026 9030 7272
5627 9894 985
1546 5289 5961
5225 6827 383
3783 8494 9619
2876 6849 6527
6570 6634 2991
9126 9874 6983
548 1877 4277
5618 9532 5670
3821 3920 2236
2476 5203 886
3888 5833 6484
4516 6571 7654
6409 7612 7921
5161 6768 6684
2138 7189 3658
7895 9664 3851
3160 5415 7843
6086 6905 4256
2731 9205 3815
2775 9806 8882
2217 9286 968
50 3794 4107
7411 9444 91
248 2052 6177
1777 2613 7343
5158 6940 7849
433 8953 990
2903 6325 910
3267 8586 7575
3657 9537 9966
5574 8586 9818
635 5824 1093
4607 8675 5573
8290 8661 3629
7740 8246 9005
842 7563 9573
4141 4225 4384
697 1072 4352
2053 5284 9930
1609 8649 5057
2482 7039 4150
135 2676 6565
1137 5656 4279
348 2193 2289
1082 9030 6503
2797 6304 2861
2879 3599 3935
6014 9663 4080
3287 7128 503
253 6925 6109
2658 6841 3151
6531 7373 1486
469 9262 9614
239 5814 1279
4827 5122 8699
7767 9877 7534
3631 7709 6954
1114 7676 7488
26 4541 1912
3073 9006 7527
4391 4635 3209
2947 5772 962
634 4316 1217
436 4922 1764
7915 8890 8049
1159 3380 1418
1684 2039 9285
3226 4332 1382
4101 6696 7291
1965 3373 3392
3107 9633 8197
841 3270 6479
3259 3742 529
2847 6871 2500
1100 8217 7912
2053 5535 2839
2611 7038 2086
1182 8132 6629
5029 7443 8169
677 7815 1945
4 7408 524
1338 8957 8938
1559 7804 4501
6910 7431 7637
2009 6531 2926
4925 6873 6971
36 971 9632
1620 4994 6189
349 8794 5541
5922 9560 4711
1950 9859 5087
5437 8925 8506
3939 6409 4421
881 1811 5470
6788 8066 5422
4120 4593 6231
1679 5406 2416
785 7582 2934
6176 6929 7193
4813 7890 1554
4930 8606 1631
2654 3277 8776
280 3300 9349
8930 9490 5024
1956 5825 8478
2766 2837 1489
3252 4426 6662
3168 7315 5288
6758 9039 8206
3276 3691 2628
2852 8460 2264
2106 4921 8853
2271 6655 8691
6408 8795 5573
3246 6905 1769
2881 2882 583
2033 8121 9878
273 6087 7678
1133 1952 4106
5258 7549 9056
6244 7522 147
985 8198 7788
2550 7123 5396
628 4425 2537
9805 9998 90
5898 9968 1841
1114 2042 9215
4439 9205 5084
1216 6794 7567
2906 3674 1953
1045 7118 6635
1648 2993 5162
931 1653 5436
65 5244 8694
359 3563 1018
1092 2045 3077
4331 8908 5228
4721 5710 7343
2587 7912 6353
4712 9394 1093
2026 5924 4623
4936 9894 5499
7573 9423 2812
5807 7252 1748
2199 5078 9435
1486 8370 4192
4494 8761 8041
6852 7461 868
7133 7902 9384
790 8004 7065
5873 9976 4154
9432 9577 342
3554 9127 7057
7605 8735 465
4363 6817 4134
695 6082 9315
4521 6037 1992
3338 6790 8299
772 8747 70
4738 8007 6965
6988 7614 1584
5243 7486 2123
5136 7858 6170
7348 8711 2749
2888 4381 4034
4744 6024 6876
2761 7770 2596
919 9184 6541
4798 9887 6811
499 6314 4555
704 1109 42
334 7036 9884
2231 2644 5818
2768 7235 761
1295 5942 1126
1876 9128 1159
3725 8228 8005
4832 4990 4106
2424 8332 1751
398 6057 860
713 9978 9539
1204 7768 9802
932 3244 5711
2513 7122 2368
5096 8650 4257
7456 8522 2773
6909 7232 4229
3270 8952 5704
2099 9971 3599
1413 4882 1244
5639 7582 7411
4461 9743 2466
1461 3882 1538
5266 6045 869
2600 3493 2343
906 3204 3035
6250 6267 8226
1568 3250 762
2978 9903 771
3793 5349 5160
7056 8135 3227
1395 2376 9703
875 8296 6191
3958 5357 2175
8592 9070 670
3572 8039 3118
2202 3831 2853
3991 8645 4029
847 2472 1599
541 6095 3492
771 4219 6866
4447 7599 2048
2392 3493 2903
7976 8984 4147
51 6482 8985
3387 3955 220
3514 5508 8033
2539 2821 8456
1553 1848 5153
1110 8437 5865
934 2860 4671
9384 9447 5445
9631 9770 724
4977 5833 4817
2998 5027 2741
4142 6327 8190
5223 6334 6480
1312 8408 7508
4796 7646 7802
1583 6886 8542
3846 9301 3992
4378 6771 9430
3391 3623 1580
507 4478 49
2603 6899 1570
2783 8150 6717
3646 5958 9131
1066 2168 6202
6341 9222 3897
4780 8666 5350
2485 4671 875
3910 8309 1533
2407 8461 7354
406 663 4911
4128 5949 4804
991 7988 3827
5989 9296 7961
1022 4708 8044
1399 4024 19
534 8321 2139
3014 7276 9963
3112 8329 6789
4798 7749 7929
2142 7353 8117
385 5319 4779
4291 4445 9140
1274 9918 8745
1677 7615 9687
3728 5097 3431
1960 6260 9353
4353 5924 5388
1216 6730 8538
1404 6758 8066
1515 4626 7143
4959 5562 3567
1075 3813 284
1570 2372 7218
6245 7529 5847
2128 2494 8257
3051 8112 7357
1348 8605 3490
5932 6380 5714
1084 3816 392
5000 9649 6532
954 3228 768
3623 4350 937
5561 8983 8747
8633 9102 3450
1984 2450 205
834 4796 991
7924 8033 8263
1202 3468 9388
4910 6634 705
2827 4932 2508
7308 8652 4956
3448 9303 8492
3791 4917 3527
8109 9761 5962
5005 6557 335
3189 9838 6366
6178 6696 3451
961 8695 5593
2513 7298 9896
1514 8147 6237
1397 1473 6033
284 4537 3388
371 4894 3523
2433 5478 7733
166 196 9024
2629 4380 1083
1510 5321 641
3722 8840 9464
4753 7571 2129
4941 7013 6594
7670 8371 806
5410 6599 3964
1579 2922 9314
6141 6536 1551
1735 9650 3579
9735 9845 8569
1554 4538 7815
6047 9187 2262
6438 7385 3579
4426 9164 1181
3553 4186 4150
6630 9151 2782
3939 5087 8344
820 1491 8506
1269 8697 3624
85 2735 3987
3054 4691 6342
5098 6737 3701
7162 8749 4157
289 7243 2996
6707 7699 5772
1464 1963 9015
2023 8367 2758
1142 3424 6900
2538 2660 4088
484 5363 6141
4018 4120 923
625 5338 7403
364 2550 698
1460 4088 3514
7151 7635 2756
2007 8558 9397
5285 6414 6550
5504 7945 1250
2655 4962 5954
3251 4747 7296
44 8379 1108
1239 2266 8383
1006 3508 246
2537 5478 7007
1440 4302 3889
3954 7100 317
4049 4888 8695
3440 5636 4412
2729 7591 2574
6371 6958 8208
3237 3757 974
5853 9446 4687
2877 3648 6798
546 6706 4587
449 640 1339
5207 5619 3114
723 7194 3754
549 6867 9720
1082 2632 4864
6681 9462 1824
5601 6973 6015
3260 8236 1893
1014 2929 3266
1903 5071 6327
6041 6354 3788
348 6185 5027
1818 6948 3854
6627 7821 2011
4702 6915 8406
4054 9348 280
5587 5686 8303
4239 6720 540
5426 6038 8358
300 2667 204
8440 9597 6955
2726 9439 7484
1808 5745 7368
714 7196 8653
5034 8986 165
977 2123 7156
2319 2388 8285
485 981 8589
7693 8935 9338
2677 9878 415
5432 9189 471
3432 9588 8144
6745 8335 1671
3980 4724 4604
423 4034 1873
2546 5371 193
2996 6806 1807
891 4021 1486
1294 5590 4582
1343 9578 5212
1932 5540 4456
1452 2158 2957
9607 9712 8791
3214 6706 4996
7143 8351 9436
3644 6199 308
286 7509 5273
6245 8294 1117
7325 7584 3914
1229 8557 9059
7253 9129 7138
5242 6498 5936
887 3549 1732
1327 9955 4381
5817 9343 2881
1219 9260 6412
109 2255 7089
5682 8313 2280
1075 7046 4549
713 4875 2465
874 4696 4619
5647 9771 8050
1009 4161 9154
3618 7187 1733
534 4212 3584
7426 8124 4425
1264 6744 49
4019 9089 1457
851 7212 2979
347 2367 6384
8460 9154 7023
2174 7644 6947
5051 8332 7610
847 6896 2335
254 3835 8300
916 4790 8940
3648 5323 623
8757 9770 4945
3062 9492 8876
3201 8971 6593
7838 9185 3170
7504 9660 1637
1353 3103 5351
1031 5021 6604
3203 8156 7747
6039 6449 8128
5340 6297 298
104 7682 1738
6265 8967 5162
2009 4459 4136
78 7175 3958
731 8613 9948
